0.5	0.275693	0.247072	0.268608	0.0790145	0.253721	0.266287	0.234757	0.0395332	0.0564989	0.0833524	0.0329928	0.044593	0.0591863	0.0695025	0.0571415	0.0672751	0.0565899	0.232155	0.0386954	0.0865611	0.0663731	0.0836912	0.0735553	0.0434957	0.0528804	0.0654353	0.0540786	0.0521152	0.248928	0.0559103	0.038341	0.0388193	0.0599573	-0.0122489	0.00122808	0.0577584	-0.0390422	0.0688293	0.0495033	0.311804	0.0191046	0.045792	0.0771679	0.066289	0.0492359	0.0155522	0.0644121	0.0382379	-0.169118	0.031528	0.0514632	0.0439528	-0.0246316	0.0435986	0.071025	0.0443599	-0.0217463	-0.0232991	0.0370939	0.0372493	0.25088	0.0220434	0.0276352	0.00514948	0.054539	0.0324334	0.054406	0.0535514	0.264804	0.29463	0.280261	0.234624	0.223182	0.0692915	0.0719189	0.26184	0.268115	0.257867	0.0304517	0.0810369	0.230415	0.0646873	0.0843325	0.0638167	0.0673631	0.0721943	0.0837027	0.0786404	0.0572845	0.0698831	-0.245763	0.0680108	0.0650007	0.0734761	0.0435043	0.0371688	0.0769488	0.06744	0.060455	0.0494903	0.0923864	0.00121213	0.0706122	0.0784035	0.0722404	0.232129	0.0724881	0.0679602	0.0635854	0.0789066	0.0722475	0.0943905	0.0706249	0.0629419	0.0757302	0.0614027	0.0874253	0.0908875	0.0720896	0.0786311	0.0589609	0.0850518	0.0861868	0.0669509	0.0856176	0.0682866	0.0807766	0.0830782	0.0552481	0.0696908	0.0636687	0.0657503	0.0520982	0.0666775	0.0762316	0.0770199	0.0659507	0.0717074	0.082686	0.074108	0.0608675	0.0787878	0.0698823	0.0810187	0.0560931	0.0844837	0.0548292	0.0595968	0.0638539	-0.00859414	-0.0607594	0.015227	-0.00319042	-0.073167	-0.0318507	0.002251	-0.00864187	-0.0416144	0.00323821	-0.0246542	0.0408617	0.0199558	-0.81461	0.0172356	0.0263555	0.0140812	0.0116278	-0.027001	-0.0214069	0.0410409	0.00859099	0.0244122	0.278785	0.237871	-0.0247415
0.275693	0.5	0.196494	0.432343	0.0736409	0.250297	0.301549	0.214672	0.0404718	0.0599665	0.0817305	0.0465795	0.0466957	0.0699728	0.0720893	0.0591307	0.073482	0.0593414	0.237574	0.0382428	0.0857888	0.0672731	0.0820156	0.0761418	0.0433436	0.0523297	0.0561175	0.0505535	0.054151	0.204196	0.0509009	0.0409336	0.0394065	0.0580784	-0.0219281	-0.00572312	0.0589221	-0.0463924	0.0676333	0.0470524	0.245428	0.0250633	0.0524742	0.07862	0.0595318	0.0467296	0.0183017	0.0576044	0.0356892	-0.164615	0.0295585	0.0514	0.0420127	-0.0326886	0.0435728	0.0711656	0.0415924	-0.0169301	-0.0334152	0.0297202	0.0323938	0.203992	0.0208082	0.0250784	0.0104233	0.0496975	0.0372627	0.0493703	0.049528	0.256644	0.234457	0.261083	0.181416	0.232165	0.0653553	0.07586	0.247363	0.305665	0.240583	0.0327707	0.0890575	0.242025	0.0582172	0.0855264	0.0734476	0.0581313	0.0744108	0.0827034	0.0878623	0.0584536	0.071895	-0.234785	0.0634778	0.0631353	0.0843124	0.0628079	0.0492273	0.0846884	0.0628387	0.0828581	0.0626811	0.0951132	0.00447074	0.0838891	0.0791297	0.0742614	0.240518	0.0758292	0.0765393	0.0616003	0.0772762	0.0829131	0.0786	0.0869822	0.0772521	0.087673	0.0650441	0.0930407	0.0882285	0.0590927	0.0787744	0.0657655	0.0867829	0.0814962	0.0737192	0.0844445	0.0792052	0.0839739	0.0812107	0.0492099	0.0738178	0.0670718	0.0661707	0.074693	0.0642166	0.0788793	0.0777958	0.0646873	0.0691986	0.0865826	0.0805715	0.0635832	0.0709206	0.0687391	0.0827651	0.0508018	0.0796246	0.0556865	0.0573472	0.0712584	-0.00903723	-0.072522	0.0167552	-0.00129393	-0.0689724	-0.0402912	-0.000901737	-0.0232211	-0.061067	0.000738101	-0.0176516	0.0441035	0.0233919	-0.799416	0.0133021	0.0499275	0.0109237	0.00843853	-0.0090984	-0.0180506	0.0362078	0.00592138	0.0337786	0.205243	0.276331	-0.0282827
0.247072	0.196494	0.5	0.194778	0.0751392	0.264713	0.220895	0.194342	0.0428081	0.0528103	0.075237	0.0401982	0.0462948	0.071354	0.0645235	0.0577575	0.0597125	0.0562221	0.277319	0.0456735	0.0713388	0.054066	0.0708547	0.0678378	0.0397119	0.057066	0.0538525	0.0498644	0.0465902	0.420132	0.0503903	0.0446146	0.0381466	0.0550652	-0.0138549	-0.00254679	0.0478055	-0.0341428	0.0650155	0.0549734	0.243642	0.0228935	0.0494668	0.0714421	0.0527927	0.0408547	0.0248851	0.0535378	0.0421372	-0.149897	0.0336084	0.0495583	0.0472953	-0.0332208	0.0496357	0.0618539	0.0550467	-0.0197951	-0.0282359	0.0371089	0.0296174	0.423393	0.0320877	0.0215134	0.013938	0.0568949	0.0370773	0.0502022	0.0513032	0.271226	0.296551	0.241193	0.421515	0.283525	0.0744879	0.0515969	0.216616	0.224871	0.212879	0.0435158	0.0689233	0.261431	0.0512608	0.080174	0.0652968	0.0756096	0.0614534	0.0709315	0.0683082	0.0596729	0.0606331	-0.245399	0.0558561	0.0553194	0.06441	0.0482444	0.0362583	0.0752415	0.045159	0.0649602	0.0560685	0.0780229	-0.00175605	0.0644196	0.0650748	0.0589403	0.278837	0.0569892	0.0588883	0.0640862	0.0625363	0.0660289	0.075385	0.0681359	0.0644156	0.0683093	0.0521635	0.0803564	0.082129	0.062934	0.0798198	0.0550076	0.0817167	0.0707886	0.0658691	0.0695492	0.0557165	0.0708727	0.0701813	0.0537587	0.0615963	0.0619934	0.0580873	0.0505869	0.0625741	0.0605315	0.0711077	0.060256	0.0622957	0.0706225	0.0640157	0.0596723	0.0680026	0.0615399	0.0770785	0.0498355	0.0683833	0.055333	0.0618404	0.0535858	-0.0028233	-0.0588984	0.00470431	-0.00524155	-0.0749931	-0.0293644	-0.00505856	-0.00997193	-0.0335624	0.00203404	-0.0200325	0.0490305	0.0129707	-0.81622	0.017092	0.0428947	0.016678	0.00206121	-0.0207087	-0.0135165	0.0369955	0.00540097	0.0248187	0.209456	0.196146	-0.0170577
0.268608	0.432343	0.194778	0.5	0.0666781	0.245556	0.293894	0.214048	0.0389374	0.0573768	0.0731543	0.0426759	0.0431117	0.0665671	0.0588051	0.0562596	0.0669017	0.0560263	0.229212	0.0359425	0.0738043	0.0552549	0.0701002	0.0722005	0.0431335	0.0463415	0.0466612	0.0469499	0.0532373	0.194277	0.0493495	0.0395211	0.0369438	0.0543419	-0.023601	-0.0037481	0.0489765	-0.0443787	0.0578764	0.0461632	0.238507	0.0249195	0.050918	0.0693743	0.0553403	0.0462413	0.0190863	0.0521205	0.0359639	-0.161742	0.0291764	0.0511537	0.0427556	-0.0338152	0.0416581	0.0624997	0.0405712	-0.0180925	-0.033003	0.0297635	0.0317954	0.194687	0.0197475	0.0229228	0.0112585	0.0482379	0.03626	0.044152	0.0485528	0.247691	0.22445	0.255299	0.181095	0.230545	0.0607749	0.0642706	0.238367	0.297856	0.232513	0.028195	0.0768303	0.23553	0.0537885	0.0751836	0.0652297	0.055878	0.0650083	0.0705833	0.079367	0.0474106	0.0689942	-0.240611	0.0524913	0.0527789	0.0732987	0.0577876	0.0405041	0.0724857	0.0506457	0.0720087	0.0617346	0.08312	0.000994932	0.070971	0.0696597	0.0612277	0.2328	0.0619772	0.0638785	0.0593817	0.06521	0.0699344	0.070244	0.0751696	0.065469	0.0779725	0.058427	0.0808688	0.0765213	0.045656	0.0744291	0.06123	0.0736594	0.0696456	0.0634492	0.0731076	0.0683928	0.0696743	0.0722216	0.046251	0.0605726	0.054692	0.0611648	0.0714418	0.0607124	0.0671511	0.0673045	0.0605243	0.0584242	0.0738717	0.0691063	0.0595373	0.0592316	0.0567724	0.0704204	0.0461479	0.066369	0.0511586	0.0562399	0.060599	-0.00954809	-0.075359	0.010174	-0.00249266	-0.0768945	-0.0435495	-0.00671353	-0.0278939	-0.0642482	-0.00378162	-0.0218196	0.0393557	0.0191899	-0.805745	0.00915891	0.0465192	0.00834404	0.00145965	-0.013666	-0.0227879	0.0320605	0.00116433	0.0301477	0.20177	0.272144	-0.0316244
0.0790145	0.0736409	0.0751392	0.0666781	0.5	0.0733203	0.0776	0.0601332	0.0651654	0.0755931	0.0964635	0.0672164	0.0717077	0.0784811	0.0865253	0.0802464	0.0923011	0.0807373	0.0928303	0.0610399	0.0858518	0.0784984	0.085628	0.0933587	0.0923796	0.0964166	0.0872758	0.0899683	0.0897794	0.0885989	0.0880652	0.0726632	0.0816923	0.100559	0.031386	0.034829	0.0952637	0.00563448	0.102637	0.0883909	0.0752402	0.0645471	0.0805015	0.112396	0.096589	0.0877568	0.0487278	0.0987613	0.058008	-0.122282	0.0710782	0.0851659	0.0710507	0.00594652	0.0836541	0.102854	0.0827401	0.01717	0.0239269	0.0763113	0.0718393	0.0863412	0.0601	0.0713774	0.0648381	0.0874649	0.0903	0.0884198	0.0901486	0.0834775	0.090279	0.0917159	0.0625065	0.0813192	0.0844202	0.094699	0.0855711	0.0757011	0.0836371	0.117139	0.100387	0.0895977	0.088565	0.109002	0.168115	0.160173	0.100293	0.0977458	0.155821	0.0872825	0.0802436	0.00171706	0.0814117	0.0808537	0.0833988	0.0830375	0.0566462	0.170807	0.0860583	0.0836499	0.0841071	0.165789	0.0318348	0.100884	0.0967391	0.168792	0.0884605	0.0836616	0.171747	0.0890152	0.170065	0.0988713	0.230365	0.0939072	0.0956594	0.0906066	0.0812873	0.165787	0.10217	0.088465	0.183141	0.0896849	0.176658	0.0858395	0.089754	0.176779	0.0863607	0.166783	0.170176	0.0721988	0.100174	0.0846253	0.152513	0.0605869	0.1688	0.156614	0.169045	0.0874349	0.0923308	0.0956214	0.101472	0.0786261	0.0935959	0.0870432	0.0879974	0.0697798	0.0924876	0.0849178	0.0761533	0.0860371	0.0166037	-0.0346592	0.0287042	0.0365733	-0.0360612	0.00352364	0.0281017	0.00860238	-0.014192	0.0298879	0.00117846	0.0646126	0.0301599	-0.399654	0.0403791	0.0577229	0.038985	0.119082	0.00484805	0.106864	0.0481796	0.120386	0.0513996	0.0296648	0.0361584	0.0175419
0.253721	0.250297	0.264713	0.245556	0.0733203	0.5	0.246219	0.250672	0.0372461	0.0538774	0.0745722	0.0279113	0.0399536	0.0590771	0.0664657	0.0494522	0.0648708	0.0556331	0.277255	0.0355044	0.0756433	0.0599572	0.0734581	0.0663139	0.0387277	0.0502004	0.0498348	0.0498492	0.0444977	0.26557	0.0504493	0.0384185	0.0347771	0.0484701	-0.0255153	-0.00681678	0.0448076	-0.0497177	0.0608838	0.0495204	0.243238	0.0135358	0.0345977	0.0698481	0.0566798	0.034353	0.0152021	0.0512876	0.0380867	-0.165185	0.0255132	0.0436347	0.0406116	-0.0383615	0.0447861	0.062648	0.0370348	-0.0235543	-0.0331727	0.0266791	0.0296003	0.268609	0.0112435	0.0132762	0.00935755	0.0408263	0.0306046	0.0458117	0.0488734	0.250087	0.289468	0.271075	0.254807	0.28019	0.0658935	0.0637733	0.253536	0.250501	0.249562	0.0361248	0.0732109	0.275701	0.0599358	0.0800196	0.0736641	0.0627069	0.0633686	0.063732	0.0614291	0.0483501	0.0606195	-0.254085	0.0537479	0.0515823	0.0725791	0.0416487	0.0322282	0.0715225	0.0527237	0.057603	0.0488871	0.0818838	-0.00254609	0.0618186	0.0665193	0.0565185	0.282604	0.0532478	0.0622663	0.052943	0.0689818	0.0687524	0.0811683	0.0687301	0.0609184	0.0667772	0.056777	0.0739778	0.0796295	0.0533617	0.0717308	0.0422294	0.0779305	0.0696075	0.0618845	0.073894	0.0532729	0.0697063	0.072679	0.0531339	0.0570532	0.0614754	0.0658442	0.0611082	0.065504	0.0642382	0.074398	0.0600439	0.0620486	0.072166	0.0670434	0.0509209	0.0606873	0.0658038	0.0752464	0.0419551	0.0649671	0.0541458	0.0578414	0.0548469	-0.0116267	-0.0768193	0.0108925	-0.00356678	-0.0804721	-0.0295851	-0.00463445	-0.0255349	-0.0622649	-0.00272101	-0.0310128	0.0320098	0.012502	-0.825566	0.00924491	0.0286836	0.00380372	0.00421606	-0.0236156	-0.0268689	0.0292517	0.00251458	0.0228541	0.206168	0.220891	-0.0252097
0.266287	0.301549	0.220895	0.293894	0.0776	0.246219	0.5	0.213585	0.04903	0.0678269	0.0870159	0.0588087	0.0549852	0.0737175	0.0828528	0.062356	0.0796649	0.0657671	0.232471	0.0465155	0.0989504	0.0806852	0.091562	0.0792665	0.0510629	0.0715319	0.076822	0.0669016	0.0606271	0.23475	0.0636827	0.0587178	0.0489606	0.0688821	0.00280446	0.00915919	0.0691683	-0.0336449	0.0847858	0.0648426	0.248958	0.033062	0.0605431	0.10119	0.0682131	0.0526627	0.0372248	0.0693408	0.0573758	-0.13762	0.0399163	0.0589741	0.0597965	-0.013957	0.0614302	0.0904752	0.0526542	-0.00683332	-0.0174049	0.0415886	0.0409291	0.234957	0.0363562	0.0369895	0.0286814	0.061264	0.0526913	0.0581827	0.0621714	0.259754	0.235585	0.256889	0.205555	0.21807	0.0711699	0.0822019	0.239394	0.436035	0.231308	0.0459669	0.0897933	0.242627	0.0784444	0.0898575	0.0818265	0.0716262	0.0715475	0.088045	0.0752856	0.0770909	0.0786318	-0.246794	0.0694882	0.065788	0.0907175	0.0649765	0.0601169	0.0937579	0.0837655	0.0864872	0.0596466	0.106278	0.0135605	0.0914126	0.0885528	0.0824256	0.23506	0.080591	0.0833589	0.075689	0.0708127	0.0914753	0.0693584	0.102229	0.0905886	0.0967196	0.074853	0.0931081	0.101998	0.0696073	0.0843704	0.0669479	0.0936526	0.0983369	0.0702295	0.093712	0.0866664	0.0959524	0.0813286	0.0518553	0.0904688	0.0806352	0.0711757	0.0687425	0.0662148	0.0838732	0.0731	0.0694128	0.0800796	0.100722	0.0975619	0.0748267	0.0868214	0.0920233	0.0947593	0.0572079	0.0896388	0.0596314	0.06866	0.0720684	-0.0161892	-0.0674871	0.0175259	0.0113911	-0.0767205	-0.0254226	-0.00997263	-0.0204291	-0.0445622	0.0138299	-0.013219	0.0483731	0.0272033	-0.823005	0.0165364	0.0417234	0.0241153	-0.00221898	-0.0106091	-0.0153412	0.0428428	0.00302791	0.0215855	0.202371	0.414492	-0.0112283
0.234757	0.214672	0.194342	0.214048	0.0601332	0.250672	0.213585	0.5	0.0512381	0.0502738	0.0783608	0.023004	0.0533472	0.0484254	0.0595107	0.0528699	0.067043	0.055493	0.206118	0.0433187	0.0607799	0.0591969	0.0606024	0.0600491	0.0410887	0.0427077	0.0519717	0.0491899	0.0530923	0.198486	0.0499059	0.0356943	0.0424413	0.0488987	-0.00843421	0.00689159	0.040335	-0.0336095	0.062791	0.043418	0.224679	0.0287436	0.0487998	0.0723704	0.0523773	0.0446493	0.0166939	0.0530437	0.0403631	-0.140498	0.0340785	0.0448593	0.0335521	-0.0172181	0.0419957	0.0656025	0.0434972	-0.0236721	-0.0172359	0.0297935	0.0334185	0.19642	0.0140334	0.0215175	0.00836477	0.0522552	0.0369843	0.0499358	0.0526189	0.206205	0.223549	0.241805	0.182996	0.204161	0.0682896	0.0566738	0.190671	0.210455	0.188804	0.0301049	0.0692163	0.236202	0.0519863	0.0718724	0.0649091	0.069141	0.061092	0.0640072	0.0571199	0.0530048	0.0644404	-0.270383	0.0637897	0.0618226	0.0579024	0.0443847	0.0468718	0.0413399	0.0474954	0.0549111	0.059694	0.0861089	0.00341673	0.0573374	0.0609168	0.0480481	0.205644	0.0632895	0.0451356	0.0578487	0.0545421	0.0660245	0.0663078	0.0688175	0.067488	0.0577452	0.0503369	0.0535039	0.0842189	0.0659157	0.0593659	0.0582263	0.0565391	0.0677967	0.0649108	0.063325	0.0585919	0.0516466	0.0653389	0.0510185	0.059469	0.0472881	0.0385638	0.0523053	0.0558897	0.0516235	0.0556665	0.073962	0.0510923	0.0699261	0.0719766	0.0487126	0.0737027	0.0544295	0.0685465	0.055087	0.0663805	0.0555054	0.0614408	0.0549032	-0.0344503	-0.0967738	-0.0142373	-0.0108448	-0.114689	-0.063451	-0.0232244	-0.0473215	-0.0846558	-0.0259823	-0.0298611	0.0279474	0.00213319	-0.898362	0.0119836	0.0213538	-0.0012051	-0.0218646	-0.040253	-0.0497676	0.0239924	-0.018356	0.0102148	0.178658	0.172033	-0.0361507
0.0395332	0.0404718	0.0428081	0.0389374	0.0651654	0.0372461	0.04903	0.0512381	0.5	0.16381	0.27042	0.106373	0.267721	0.0476673	0.283922	0.255182	0.248438	0.309499	0.0569054	0.220615	0.232403	0.314118	0.229277	0.187705	0.0371763	0.0452108	0.0310998	0.0458959	0.0445051	0.0518476	0.0320779	0.043432	0.049416	0.0439013	-0.0144134	-0.0127917	0.036122	-0.0337879	0.0547213	0.0373686	0.046043	0.0133943	0.0347135	0.0614	0.049908	0.0441096	0.013339	0.0383977	0.033967	-0.156952	0.0261994	0.0292701	0.0353342	-0.0298069	0.0401112	0.0437593	0.0434291	-0.0314829	-0.0182257	0.0280762	0.0293902	0.0498296	0.0151487	0.013023	0.00462595	0.0366434	0.0348972	0.0454357	0.0395057	0.0392859	0.0513754	0.049105	0.0301424	0.0479534	0.1629	0.164888	0.0426536	0.0475516	0.0410968	0.12331	0.166455	0.0615911	0.0725715	0.0647848	0.174181	0.137824	0.139671	0.174815	0.168125	0.0675429	0.143149	-0.216529	0.308636	0.308223	0.0419238	0.0538193	0.0310282	0.0664778	0.0476289	0.0417315	0.051384	0.227116	0.111667	0.0386197	0.137927	0.181611	0.0553229	0.283733	0.17103	0.163253	0.133922	0.270751	0.0817363	0.0612506	0.0571687	0.0473296	0.179226	0.0680614	0.259655	0.275125	0.129532	0.267142	0.0739027	0.230782	0.285658	0.164276	0.0513319	0.139475	0.162586	0.254273	0.170948	0.046277	0.057753	0.0435189	0.156689	0.152981	0.143428	0.263537	0.165772	0.286672	0.23954	0.165251	0.235579	0.144974	0.207762	0.232583	0.244591	0.274554	0.172651	0.0596194	0.00528124	-0.0777657	-0.0135255	-0.0201917	-0.0888525	-0.0267924	-0.00961742	-0.0258784	-0.0574961	-0.00822399	0.199677	0.0297731	0.0928539	-0.804252	0.284664	0.0159355	0.117935	0.0775174	-0.0285051	0.0423087	0.199952	0.104598	0.126168	-2.5042e-06	0.00759022	-0.0321785
0.0564989	0.0599665	0.0528103	0.0573768	0.0755931	0.0538774	0.0678269	0.0502738	0.16381	0.5	0.171169	0.251353	0.152131	0.0541621	0.172574	0.132668	0.181523	0.159488	0.0630642	0.142597	0.188568	0.175858	0.188295	0.297859	0.0480256	0.0439087	0.0468375	0.0494104	0.0527078	0.064	0.0510059	0.0398474	0.0546546	0.0515371	-0.00677912	-6.44756e-05	0.0366727	-0.0229909	0.0552402	0.0489365	0.0561181	0.0194692	0.0399001	0.0677013	0.0468109	0.0449921	0.0231875	0.0534295	0.0370416	-0.147769	0.0385205	0.041164	0.0458088	-0.02236	0.0457073	0.053823	0.0457693	-0.0162203	-0.00777881	0.0441396	0.0390836	0.0607975	0.0162375	0.026199	0.00945268	0.0420343	0.0287468	0.0407496	0.0367016	0.0615475	0.0640584	0.0673715	0.0456131	0.0549746	0.150083	0.264855	0.0577095	0.066449	0.0562327	0.13141	0.154936	0.0676794	0.0649982	0.0803019	0.166568	0.161545	0.147122	0.273076	0.0779443	0.068776	0.234809	-0.193163	0.152241	0.15237	0.0530875	0.0320414	0.023248	0.0728078	0.0412971	0.048091	0.0542304	0.154754	0.231488	0.0663379	0.20162	0.0821827	0.0605243	0.167766	0.0784478	0.266819	0.0842857	0.157936	0.0855148	0.0514231	0.0511396	0.0561899	0.257185	0.0766162	0.173465	0.152299	0.158574	0.157784	0.081836	0.164611	0.157169	0.0772227	0.0446929	0.0680601	0.0792174	0.178777	0.271824	0.037708	0.179036	0.0503647	0.0721729	0.070585	0.0763645	0.160825	0.266526	0.169428	0.154487	0.26275	0.149348	0.227809	0.138103	0.156858	0.164233	0.178839	0.253148	0.0561465	0.00201617	-0.0651744	-0.000457795	-0.00459362	-0.071262	0.00148658	0.00716908	-0.0113732	-0.0597128	0.197074	0.202189	0.0323659	0.198582	-0.754549	0.125952	0.0305294	0.234309	0.0285793	-0.032165	0.080502	0.139668	0.0166243	0.122593	0.0175175	0.0355889	-0.0259447
0.0833524	0.0817305	0.075237	0.0731543	0.0964635	0.0745722	0.0870159	0.0783608	0.27042	0.171169	0.5	0.141263	0.23085	0.0645551	0.286898	0.245566	0.286612	0.266118	0.0954168	0.226571	0.266493	0.246965	0.264361	0.195896	0.0636629	0.063429	0.0651412	0.0652352	0.0719145	0.0903522	0.0682097	0.0410954	0.0699108	0.0759545	0.00471026	0.0112267	0.0667502	-0.0211619	0.075906	0.0519861	0.0897343	0.0336602	0.0624619	0.0860281	0.0788612	0.0614676	0.0251949	0.0664285	0.0418926	-0.150793	0.0424108	0.054739	0.0412657	-0.0116867	0.069598	0.0751234	0.0578426	-0.0114713	-0.00195818	0.0378994	0.0378985	0.0880748	0.0259035	0.0355382	0.00958867	0.0555876	0.0524695	0.0733941	0.066366	0.0863753	0.0927012	0.0930257	0.0579994	0.0786976	0.160361	0.173306	0.0695091	0.0884619	0.0685207	0.140926	0.183579	0.0899495	0.0921792	0.0904276	0.196676	0.171018	0.172133	0.173131	0.183104	0.0829114	0.17536	-0.191131	0.249544	0.24879	0.0719912	0.0648404	0.0476632	0.101397	0.0672289	0.0710772	0.0739857	0.245148	0.119234	0.0768118	0.159875	0.19095	0.0933674	0.262716	0.164316	0.163358	0.181891	0.277173	0.106389	0.0806717	0.0816812	0.0733074	0.186609	0.092953	0.276552	0.27352	0.196665	0.257919	0.109166	0.271637	0.270534	0.186543	0.0730251	0.164039	0.185655	0.2399	0.176374	0.0790643	0.0810039	0.0516002	0.173142	0.183435	0.176001	0.274121	0.165552	0.315101	0.250362	0.156212	0.267858	0.166332	0.240859	0.262864	0.279662	0.26454	0.162969	0.0756287	0.0124006	-0.0550869	0.0144715	-0.00523963	-0.0674439	-0.0133912	0.0181378	-0.012649	-0.0362657	0.00409758	0.191077	0.0418019	0.126191	-0.774609	0.21519	0.0330592	0.114485	0.119941	-0.024597	0.112069	0.238513	0.120065	0.136022	0.0331331	0.0353194	-0.025946
0.0329928	0.0465795	0.0401982	0.0426759	0.0672164	0.0279113	0.0588087	0.023004	0.106373	0.251353	0.141263	0.5	0.122193	0.0393539	0.140643	0.128105	0.169253	0.127146	0.0533372	0.131979	0.18588	0.126783	0.184988	0.248382	0.0306049	0.0345435	0.0348961	0.0289037	0.0399621	0.0494811	0.0378257	0.0243901	0.0455383	0.0374095	-0.0101923	-0.000958619	0.0240166	-0.0195745	0.0433835	0.0333614	0.039047	0.0106791	0.0277097	0.0596976	0.037309	0.0351833	0.0262	0.0368708	0.0330606	-0.139574	0.027397	0.0255061	0.0322644	-0.0208868	0.0427835	0.0395976	0.0407399	-0.00917544	-0.0110459	0.0355835	0.0263499	0.0497107	0.0212969	0.0195773	0.00410633	0.0297564	0.0173166	0.03218	0.0219332	0.0458814	0.0528805	0.0588319	0.0382277	0.0442926	0.123909	0.227798	0.0327906	0.0563191	0.0313101	0.163965	0.137925	0.0515932	0.0503404	0.0570992	0.132657	0.169919	0.16588	0.232883	0.0585631	0.0575767	0.182988	-0.20713	0.115481	0.116579	0.0349365	0.0253087	0.00908614	0.0536553	0.0309206	0.0388443	0.0361287	0.120652	0.219484	0.0553618	0.223705	0.060165	0.0498593	0.131892	0.059675	0.235534	0.0588176	0.124527	0.0586024	0.0452636	0.0432658	0.0385916	0.193831	0.0662615	0.165898	0.101288	0.158351	0.153129	0.0602774	0.153353	0.126865	0.0629876	0.0350305	0.0493741	0.0626873	0.109668	0.259567	0.0328947	0.148133	0.0259277	0.0535845	0.0548272	0.0577949	0.126355	0.257041	0.155795	0.164447	0.251328	0.141177	0.232736	0.15749	0.155048	0.15941	0.133557	0.185264	0.0433454	0.0110481	-0.0770978	-0.0063013	-0.00372717	-0.081701	-0.0100502	0.00683929	-0.0103231	-0.0612432	0.191071	0.181457	0.0253001	0.150973	-0.784725	0.0969748	0.0283349	0.209325	0.0101881	-0.0276125	0.0906155	0.137578	0.0120711	0.112522	0.0123751	0.0357538	-0.0260285
0.044593	0.0466957	0.0462948	0.0431117	0.0717077	0.0399536	0.0549852	0.0533472	0.267721	0.152131	0.23085	0.122193	0.5	0.0506072	0.210671	0.24234	0.254045	0.231238	0.0548497	0.250707	0.246713	0.264451	0.245858	0.142521	0.0501596	0.0444278	0.0452656	0.0461028	0.0585732	0.0548514	0.041595	0.0390852	0.0569843	0.0513226	-0.00323171	-0.00379859	0.039334	-0.0298711	0.0571585	0.043471	0.049491	0.0200251	0.0424567	0.0581444	0.0541423	0.0534879	0.0114521	0.0572457	0.0311944	-0.151122	0.0423285	0.0381681	0.0385947	-0.0206911	0.0480819	0.0559221	0.0525488	-0.0316401	-0.0102931	0.042082	0.0348752	0.0526655	0.0215793	0.0337918	0.00602962	0.0561903	0.040219	0.0466336	0.0476081	0.0436772	0.0570913	0.0621231	0.0318089	0.0459303	0.124586	0.180101	0.0506129	0.0517064	0.0496311	0.11683	0.150531	0.0614021	0.0644963	0.0731879	0.180353	0.152687	0.121337	0.151249	0.153609	0.0625417	0.129084	-0.219883	0.260743	0.261626	0.0430843	0.043868	0.0316282	0.0661725	0.037897	0.0395362	0.0524821	0.207356	0.0995585	0.0508339	0.126795	0.191096	0.0508259	0.228945	0.185367	0.140978	0.149479	0.264017	0.0774662	0.0546982	0.0497626	0.0491162	0.158035	0.0733537	0.256325	0.218978	0.150023	0.236807	0.0771046	0.213497	0.243196	0.179081	0.0519861	0.162512	0.179335	0.25282	0.154718	0.0372922	0.0604795	0.0426828	0.1599	0.162658	0.176265	0.257364	0.164832	0.25622	0.239922	0.128615	0.248336	0.139317	0.259703	0.232112	0.242418	0.270566	0.148212	0.0573863	0.0117768	-0.0773259	-0.0111968	-0.0133668	-0.0833048	-0.0385513	-0.015256	-0.0204954	-0.0677098	-0.0111784	0.173445	0.0230036	0.0748155	-0.810978	0.231769	0.0122881	0.091015	0.0884359	-0.0388713	0.0603626	0.179312	0.120433	0.106484	-0.00109621	0.0104047	-0.0302329
0.0591863	0.0699728	0.071354	0.0665671	0.0784811	0.0590771	0.0737175	0.0484254	0.0476673	0.0541621	0.0645551	0.0393539	0.0506072	0.5	0.0631045	0.0545044	0.061848	0.057878	0.0683704	0.0454998	0.0683681	0.0509682	0.0671627	0.0615531	0.0795351	0.076262	0.0876156	0.0744229	0.0787757	0.0770277	0.0856036	0.0692859	0.0739368	0.0930692	0.0206616	0.0277677	0.0876071	0.00902112	0.0805198	0.0874387	0.0707476	0.0491033	0.0864847	0.0973583	0.0853573	0.0806148	0.0567439	0.0834841	0.070432	-0.126749	0.0721972	0.0821983	0.0648032	-0.00155253	0.0722971	0.0879211	0.0847691	0.00791805	0.0133165	0.0776091	0.0662838	0.0761846	0.0529175	0.0559118	0.0460769	0.0819135	0.0785738	0.0931767	0.0712095	0.0896367	0.0778599	0.0852134	0.0575885	0.0634902	0.0789521	0.0562499	0.0794418	0.070999	0.0763029	0.0393594	0.0736743	0.0888517	0.0816757	0.0835284	0.0722363	0.0739658	0.0677628	0.0709148	0.0654789	0.137711	0.0594486	-0.206583	0.0554843	0.0572272	0.239256	0.262325	0.199589	0.0688397	0.216717	0.269245	0.26156	0.0822531	-0.00187911	0.187386	0.0646837	0.0633264	0.0670194	0.0628986	0.0674528	0.0733609	0.0531782	0.0510114	0.0779264	0.251275	0.246099	0.257491	0.046703	0.0768894	0.0676195	0.0595151	0.0963725	0.0590282	0.0729598	0.0621005	0.0556708	0.0753695	0.261933	0.0616824	0.0724166	0.0448576	0.0673299	0.260383	0.058837	0.224285	0.0605976	0.0651621	0.0682048	0.0546293	0.0614264	0.0705786	0.0739917	0.0557063	0.070995	0.0599486	0.0659522	0.0448297	0.0601972	0.0599167	0.0554444	0.236962	-0.0108521	-0.056605	0.0358748	0.0490589	-0.0559654	-0.0417035	-0.0150867	-0.047995	-0.0100669	-0.017169	-0.0057734	0.251145	0.0133159	-0.758685	0.0202706	0.256128	0.0252907	-0.0101926	0.174825	0.00713811	0.0316123	0.0111326	0.0338937	0.0300479	0.0399166	0.00764453
0.0695025	0.0720893	0.0645235	0.0588051	0.0865253	0.0664657	0.0828528	0.0595107	0.283922	0.172574	0.286898	0.140643	0.210671	0.0631045	0.5	0.288544	0.303938	0.284306	0.0918138	0.270257	0.301069	0.282607	0.292828	0.185068	0.0508516	0.0673919	0.061221	0.0525738	0.0524709	0.0891171	0.054914	0.0419695	0.0556643	0.0647331	-0.012781	-0.00584234	0.068256	-0.0288804	0.0746338	0.0483318	0.0779356	0.0247428	0.0479102	0.0904902	0.0733116	0.0439607	0.0178842	0.052818	0.0310892	-0.168496	0.0272154	0.0336775	0.039358	-0.028182	0.0533264	0.0729853	0.051159	-0.0218807	-0.020081	0.0331606	0.0367509	0.0858929	0.0227904	0.0175514	0.017734	0.0492826	0.0474076	0.0637043	0.0460515	0.0815085	0.0915933	0.0900611	0.0449699	0.0650791	0.188187	0.185004	0.0791479	0.0816525	0.0726537	0.148089	0.166976	0.092659	0.0923345	0.0876275	0.159877	0.163954	0.162867	0.190008	0.156739	0.0895652	0.171299	-0.200292	0.294899	0.294397	0.07672	0.0616795	0.0495404	0.10311	0.0707274	0.0750085	0.0648277	0.253133	0.112901	0.0802071	0.180951	0.183627	0.0895005	0.237906	0.197706	0.183396	0.169831	0.26568	0.102394	0.0895358	0.0824846	0.0830102	0.17004	0.0978928	0.26827	0.269076	0.172804	0.256514	0.1064	0.28291	0.304981	0.184361	0.0735167	0.191842	0.17524	0.270903	0.204065	0.072199	0.0798143	0.0589956	0.167554	0.204203	0.174955	0.280487	0.186275	0.308307	0.270289	0.155586	0.274789	0.185659	0.243047	0.242113	0.266809	0.287937	0.17422	0.0797322	0.02234	-0.0564672	0.00483464	-0.00253291	-0.0726846	-0.00895556	0.00909832	-0.0193345	-0.0420835	0.0058563	0.202549	0.0365176	0.124717	-0.76776	0.264626	0.0300844	0.139432	0.109078	-0.0170811	0.0869134	0.246452	0.111661	0.108904	0.0119638	0.0233153	-0.0290383
0.0571415	0.0591307	0.0577575	0.0562596	0.0802464	0.0494522	0.062356	0.0528699	0.255182	0.132668	0.245566	0.128105	0.24234	0.0545044	0.288544	0.5	0.240882	0.228041	0.0690478	0.229147	0.266127	0.302561	0.263311	0.182716	0.0505328	0.0533247	0.0455984	0.0584595	0.0608268	0.0673484	0.0558252	0.0430504	0.0593603	0.0596978	-0.0106275	-6.81252e-05	0.0471567	-0.0232263	0.0566764	0.0412505	0.0506956	0.0198449	0.0426152	0.0719599	0.0610249	0.0520449	0.0143382	0.0391451	0.0378262	-0.1481	0.0348622	0.0397681	0.0531256	-0.0259067	0.049902	0.0513503	0.0512393	-0.0265446	-0.0037473	0.035279	0.0248608	0.062861	0.0218473	0.0262631	0.00992076	0.0547646	0.044359	0.0489461	0.0490707	0.0532439	0.0692642	0.0660002	0.0410065	0.059248	0.149982	0.150519	0.0521986	0.0628211	0.0517272	0.127189	0.19051	0.0664044	0.0738279	0.0734812	0.16749	0.156611	0.188204	0.174596	0.164998	0.0749631	0.143347	-0.203648	0.233787	0.233012	0.0492159	0.0474829	0.0346167	0.0787918	0.0453559	0.0507816	0.0594131	0.22838	0.101558	0.0609617	0.177164	0.157516	0.0660367	0.253554	0.17529	0.157709	0.188303	0.288787	0.0906759	0.0615714	0.0613551	0.0616973	0.156183	0.0806347	0.286068	0.24979	0.161351	0.253533	0.0900593	0.278531	0.272016	0.182785	0.0505436	0.190314	0.181338	0.2698	0.166966	0.0456018	0.0706402	0.051372	0.158185	0.17162	0.166122	0.25529	0.1712	0.292943	0.267509	0.169927	0.271112	0.161753	0.273035	0.249557	0.261932	0.247404	0.153927	0.0623753	0.0179615	-0.0673294	0.00311592	0.00113611	-0.0680397	-0.0134655	0.0149616	-0.00715243	-0.0493318	0.00598544	0.187865	0.02879	0.0925309	-0.789153	0.204928	0.0216195	0.109971	0.136043	-0.0318102	0.0767208	0.249924	0.122948	0.151637	0.0018913	0.0206911	-0.0343315
0.0672751	0.073482	0.0597125	0.0669017	0.0923011	0.0648708	0.0796649	0.067043	0.248438	0.181523	0.286612	0.169253	0.254045	0.061848	0.303938	0.240882	0.5	0.256777	0.0814074	0.272074	0.290712	0.262883	0.286837	0.182089	0.0600649	0.066031	0.0530421	0.0553939	0.0663424	0.0732964	0.0566662	0.0379245	0.0623125	0.0646953	-0.000815898	-0.00261917	0.0508094	-0.0238817	0.0699236	0.0498471	0.0691585	0.0239896	0.0457575	0.0738665	0.0677674	0.0561399	0.0153588	0.0574969	0.0291437	-0.155041	0.0339585	0.042316	0.0409665	-0.022404	0.0572391	0.0642839	0.0548979	-0.0227299	-0.0118654	0.038349	0.0384065	0.0694815	0.0186503	0.03245	0.0142456	0.0588703	0.0432608	0.0576886	0.0523819	0.0675064	0.0779457	0.0841577	0.0412253	0.0677019	0.164961	0.182355	0.066857	0.079956	0.0660433	0.156966	0.179587	0.0747763	0.0918104	0.0879558	0.162562	0.167352	0.188942	0.1687	0.165226	0.0826962	0.16671	-0.19741	0.269019	0.269333	0.0572829	0.0620655	0.0361757	0.0894369	0.0588019	0.0619417	0.0616275	0.251128	0.112114	0.0735334	0.177068	0.180716	0.0785376	0.239498	0.192049	0.181145	0.175632	0.262199	0.0930293	0.0751055	0.0768257	0.0652273	0.16401	0.0892463	0.243375	0.237144	0.170207	0.253742	0.096182	0.272633	0.256087	0.189137	0.0638162	0.162876	0.188005	0.238835	0.194521	0.0656806	0.0845934	0.0534876	0.174994	0.182358	0.165027	0.284554	0.15313	0.299582	0.255883	0.172493	0.245829	0.160606	0.243421	0.277542	0.298381	0.269749	0.164049	0.0740604	0.0187321	-0.0506548	0.00393294	-0.00615337	-0.06746	-0.0241949	0.0136605	-0.0213811	-0.050835	0.0118286	0.192625	0.0340255	0.112798	-0.76755	0.237561	0.027019	0.132453	0.116773	-0.0249933	0.0792958	0.240465	0.126941	0.1305	0.014781	0.0319125	-0.0310444
0.0565899	0.0593414	0.0562221	0.0560263	0.0807373	0.0556331	0.0657671	0.055493	0.309499	0.159488	0.266118	0.127146	0.231238	0.057878	0.284306	0.228041	0.256777	0.5	0.0689045	0.240058	0.242731	0.288538	0.241029	0.186064	0.0554991	0.063264	0.0540262	0.0624435	0.0592093	0.0687828	0.0623195	0.0551776	0.0586523	0.0699987	-0.00443687	0.00141056	0.053208	-0.0221033	0.0678075	0.0547552	0.0597374	0.0282898	0.0524177	0.0849465	0.0654519	0.0501717	0.0280686	0.0576544	0.0488818	-0.15643	0.0410159	0.0443385	0.0492703	-0.0266056	0.0625618	0.0695186	0.0564701	-0.0148186	-0.0141899	0.0401915	0.0467042	0.0660458	0.0248986	0.024806	0.020023	0.0520664	0.0501711	0.0644872	0.054763	0.0561109	0.0658355	0.0681513	0.03705	0.0547836	0.144142	0.169061	0.0535478	0.0652607	0.0534009	0.14591	0.164718	0.0822275	0.0955214	0.0850464	0.182218	0.143689	0.180355	0.191061	0.184284	0.0958725	0.187766	-0.202103	0.274105	0.275277	0.0646746	0.0617884	0.0398732	0.0763756	0.0581339	0.0566959	0.0637916	0.247061	0.133102	0.066167	0.165525	0.16861	0.0637228	0.299201	0.197469	0.175333	0.165413	0.294305	0.0927726	0.0717301	0.0669112	0.0641614	0.157778	0.0822303	0.293833	0.244698	0.160201	0.287334	0.0831165	0.250678	0.270881	0.173528	0.0615372	0.153271	0.173554	0.251071	0.166803	0.0628686	0.0712416	0.0529367	0.172534	0.168903	0.152941	0.278467	0.169238	0.278511	0.248719	0.171133	0.260082	0.166005	0.218153	0.272187	0.291647	0.25744	0.159174	0.0671827	0.0114101	-0.0819801	0.00120734	-0.0104345	-0.0807126	-0.0199199	-0.00312665	-0.0229101	-0.0401765	-0.00752653	0.207023	0.0316102	0.136431	-0.777564	0.246848	0.0221139	0.126894	0.105967	-0.0287671	0.0698866	0.216991	0.109429	0.11742	0.00586734	0.016636	-0.0282568
0.232155	0.237574	0.277319	0.229212	0.0928303	0.277255	0.232471	0.206118	0.0569054	0.0630642	0.0954168	0.0533372	0.0548497	0.0683704	0.0918138	0.0690478	0.0814074	0.0689045	0.5	0.0522713	0.100421	0.0841463	0.092494	0.0779738	0.0460155	0.0598508	0.0757948	0.0523574	0.0482674	0.288615	0.0564914	0.0405125	0.037894	0.0584727	-0.0196128	-0.00189534	0.0637066	-0.0304449	0.0739402	0.0570397	0.234377	0.0171492	0.0455067	0.105185	0.0580517	0.0418069	0.0252748	0.0614206	0.0454534	-0.148298	0.0413991	0.0480214	0.0485041	-0.029252	0.057639	0.0969487	0.0516551	-0.0134971	-0.0168218	0.0388856	0.0297575	0.290329	0.021412	0.0310214	0.0210392	0.056524	0.0412567	0.0549431	0.0531006	0.26055	0.262023	0.257851	0.264818	0.418128	0.0757747	0.0858294	0.226565	0.228467	0.218352	0.0514987	0.104521	0.276631	0.0632328	0.0975549	0.0934373	0.0773956	0.0818269	0.0910322	0.0801608	0.0777331	0.074945	-0.229513	0.0767211	0.0719157	0.0935853	0.063707	0.0693551	0.0989594	0.0783924	0.093295	0.0709671	0.1206	0.0143001	0.0873119	0.0905464	0.0897629	0.420033	0.0833879	0.0909635	0.0725462	0.0774659	0.100523	0.0853149	0.113377	0.101643	0.0878776	0.074497	0.0993836	0.119335	0.0813075	0.0842775	0.0689602	0.0953409	0.0999387	0.0816365	0.0987697	0.0741114	0.100088	0.0785015	0.0648242	0.0975972	0.0817395	0.0679076	0.0712671	0.0730384	0.101922	0.0872199	0.0707103	0.0849956	0.102819	0.113273	0.077401	0.102095	0.0949397	0.100281	0.0589428	0.0914009	0.0695983	0.0786499	0.0758279	-0.00539749	-0.0592516	0.0266904	-0.00442493	-0.0719886	-0.0249315	-0.00453812	-0.0152668	-0.0347669	0.0124369	-0.00259409	0.0474049	0.0270778	-0.801024	0.0258098	0.0491946	0.0249158	0.0068628	-0.0031221	-0.0122786	0.0454807	0.00328394	0.0386264	0.185804	0.191165	-0.0226063
0.0386954	0.0382428	0.0456735	0.0359425	0.0610399	0.0355044	0.0465155	0.0433187	0.220615	0.142597	0.226571	0.131979	0.250707	0.0454998	0.270257	0.229147	0.272074	0.240058	0.0522713	0.5	0.242748	0.213113	0.241432	0.146626	0.0468124	0.0507973	0.0427411	0.0418557	0.0498049	0.0559016	0.0364859	0.0445392	0.0649578	0.0514571	0.00392379	0.00667262	0.0529872	-0.00411736	0.0616707	0.0436364	0.042376	0.0315368	0.0408789	0.0681146	0.0513952	0.0516504	0.0289727	0.0501145	0.0380306	-0.147361	0.0338938	0.0310489	0.0453871	-0.0120874	0.0483239	0.0526863	0.0554357	-0.0170553	-0.0114208	0.0410027	0.033752	0.0530103	0.0350911	0.0265599	0.0193256	0.0446266	0.0397533	0.0562771	0.0429223	0.0472267	0.0577552	0.058949	0.0388609	0.0423748	0.152544	0.171893	0.0426711	0.0448552	0.0423031	0.153158	0.153432	0.051846	0.0685342	0.0622905	0.173569	0.187122	0.145419	0.185102	0.134579	0.0584242	0.140301	-0.214332	0.265616	0.267332	0.0341913	0.0349239	0.0272416	0.0580613	0.0301565	0.0446219	0.046479	0.222873	0.117238	0.0523992	0.173814	0.168195	0.0463876	0.220062	0.172112	0.148008	0.132987	0.251826	0.0805384	0.0562274	0.0549855	0.0455948	0.141383	0.0627124	0.250051	0.238277	0.165018	0.257467	0.0628409	0.240241	0.258668	0.15052	0.0439414	0.133437	0.15197	0.258704	0.177442	0.0373973	0.0596284	0.0387185	0.170922	0.161	0.153826	0.252866	0.168476	0.24974	0.233741	0.143024	0.275001	0.174376	0.254515	0.251168	0.257021	0.239161	0.151752	0.0474854	0.00396591	-0.0785929	-0.0153567	-0.0030556	-0.0839072	-0.032058	-0.011833	-0.0273114	-0.0759292	-0.0109352	0.179674	0.0263187	0.090674	-0.810554	0.237506	0.0217233	0.102948	0.0735085	-0.0344234	0.079516	0.213826	0.0918223	0.112679	-9.32815e-05	0.00819253	-0.0257525
0.0865611	0.0857888	0.0713388	0.0738043	0.0858518	0.0756433	0.0989504	0.0607799	0.232403	0.188568	0.266493	0.18588	0.246713	0.0683681	0.301069	0.266127	0.290712	0.242731	0.100421	0.242748	0.5	0.293047	0.442966	0.178401	0.0682951	0.0769472	0.0772951	0.0657635	0.0662858	0.0963438	0.0675255	0.0563269	0.0571768	0.0751864	0.00463486	0.0101482	0.0718014	-0.0214308	0.0881663	0.0622075	0.0912423	0.0310108	0.0529323	0.0991756	0.0841329	0.0599746	0.0268819	0.0706437	0.0480423	-0.14393	0.038446	0.0566674	0.0508834	-0.0113313	0.0753256	0.0871068	0.0594894	-0.000269485	-0.00882252	0.0458784	0.0534702	0.0947384	0.0294897	0.0416408	0.0291285	0.0554314	0.0491932	0.0680176	0.0541875	0.0882834	0.101423	0.104362	0.0516576	0.0751898	0.171245	0.161788	0.0865391	0.0969038	0.0798187	0.152581	0.186044	0.0941301	0.0919207	0.0883878	0.178879	0.175711	0.186106	0.178731	0.164751	0.102701	0.186232	-0.198018	0.237829	0.237473	0.0775656	0.067566	0.0570026	0.105875	0.0815641	0.082008	0.06679	0.23612	0.119236	0.0900049	0.180172	0.19221	0.0987729	0.290292	0.185529	0.182959	0.182978	0.234612	0.100636	0.0927559	0.0933257	0.0850659	0.161437	0.109374	0.284776	0.256312	0.189032	0.25068	0.10846	0.3235	0.260024	0.197717	0.0776349	0.197462	0.191565	0.280803	0.201161	0.0790113	0.0865958	0.0620176	0.165886	0.180598	0.187753	0.250468	0.197202	0.317032	0.289691	0.176775	0.253638	0.187084	0.274259	0.260547	0.287446	0.259262	0.173789	0.0866626	0.0273794	-0.0520344	0.0113562	0.0106249	-0.0485149	-0.0143521	0.0139696	-0.00880901	-0.0438458	0.0229034	0.202926	0.0418002	0.139106	-0.776027	0.202645	0.0337693	0.138945	0.12183	-0.0126813	0.102985	0.290324	0.130547	0.132426	0.0278329	0.0423711	-0.0134799
0.0663731	0.0672731	0.054066	0.0552549	0.0784984	0.0599572	0.0806852	0.0591969	0.314118	0.175858	0.246965	0.126783	0.264451	0.0509682	0.282607	0.302561	0.262883	0.288538	0.0841463	0.213113	0.293047	0.5	0.29006	0.178186	0.0568438	0.0742967	0.062267	0.0735705	0.0695757	0.0770825	0.063462	0.0562802	0.0605659	0.0747748	-0.00538149	0.000405102	0.0606417	-0.0145322	0.0846618	0.0550126	0.0674736	0.0243101	0.0464489	0.0884892	0.0757762	0.0609997	0.0213403	0.0684331	0.0509195	-0.141072	0.0449669	0.0494291	0.0542584	-0.0209887	0.0649436	0.0783383	0.0641669	-0.0173106	-0.00252475	0.0441773	0.0426048	0.0737877	0.0282197	0.0326666	0.0165416	0.0636148	0.0469566	0.0635007	0.0566074	0.0596161	0.0749317	0.0814006	0.0376839	0.0628678	0.147751	0.162431	0.0615383	0.0797329	0.0601977	0.125807	0.172306	0.0813863	0.089024	0.0801975	0.182056	0.142079	0.156056	0.167895	0.186508	0.0926922	0.143648	-0.201887	0.275687	0.27604	0.0654076	0.0581562	0.045179	0.0861241	0.0637707	0.0599835	0.0565203	0.2328	0.0962328	0.0672521	0.174787	0.188461	0.0819977	0.28997	0.198224	0.165063	0.189552	0.278783	0.0885171	0.0742465	0.0712855	0.0683559	0.165615	0.0914265	0.276389	0.261819	0.161048	0.26076	0.0968121	0.264505	0.257349	0.195668	0.0646971	0.181217	0.192083	0.267652	0.180306	0.0601906	0.0716944	0.0536941	0.168586	0.18366	0.14926	0.274486	0.179817	0.287119	0.258437	0.159275	0.249227	0.160267	0.238405	0.275381	0.298794	0.265809	0.175426	0.0764265	0.01652	-0.0644702	-0.00167572	-0.00312908	-0.0807002	-0.0180109	0.00263631	-0.016642	-0.0459201	0.00563605	0.20225	0.0244935	0.0928476	-0.777573	0.244682	0.0185178	0.119675	0.129799	-0.03062	0.0724677	0.228376	0.128519	0.120207	0.0061835	0.0244871	-0.0185742
0.0836912	0.0820156	0.0708547	0.0701002	0.085628	0.0734581	0.091562	0.0606024	0.229277	0.188295	0.264361	0.184988	0.245858	0.0671627	0.292828	0.263311	0.286837	0.241029	0.092494	0.241432	0.442966	0.29006	0.5	0.17776	0.0721466	0.0791363	0.0739618	0.0700426	0.0693293	0.0916144	0.0680853	0.057222	0.0603989	0.0772072	0.00730078	0.0131962	0.07346	-0.0197587	0.0908702	0.0647284	0.0803234	0.0327444	0.0548624	0.0954691	0.0858982	0.0619372	0.0297715	0.0729234	0.050236	-0.13997	0.0392508	0.0584374	0.0503891	-0.0078054	0.076991	0.0824606	0.0615233	0.00138381	-0.00783455	0.0472282	0.0555738	0.0893427	0.0325374	0.0437068	0.0304061	0.0578189	0.050981	0.0689832	0.0583328	0.0827823	0.0940375	0.0956608	0.0524801	0.073261	0.170327	0.157029	0.0789838	0.0903188	0.0780452	0.152887	0.182226	0.0891565	0.091201	0.0878645	0.178669	0.176146	0.187514	0.175741	0.161836	0.0947073	0.184057	-0.198206	0.235503	0.234975	0.0722223	0.066492	0.0493843	0.0985471	0.0753577	0.0748244	0.0665256	0.231115	0.119143	0.0823758	0.17801	0.185395	0.0909357	0.288193	0.179241	0.179417	0.17982	0.227597	0.0990409	0.0869339	0.0867621	0.0834235	0.160596	0.102744	0.278671	0.251578	0.189355	0.248155	0.106199	0.318652	0.257493	0.191188	0.0747264	0.191589	0.189193	0.280996	0.195798	0.0780777	0.0836168	0.0593882	0.163553	0.172004	0.186009	0.248258	0.196613	0.312709	0.285006	0.17526	0.24845	0.180775	0.269712	0.260499	0.284224	0.256866	0.173885	0.0856549	0.0238779	-0.0546974	0.0086743	0.0129534	-0.0504857	-0.0182706	0.0144251	-0.00842254	-0.0446136	0.0196646	0.199822	0.0403329	0.1362	-0.780256	0.198332	0.0334281	0.135039	0.116917	-0.014974	0.100908	0.286844	0.128534	0.132261	0.0217396	0.0387263	-0.010049
